
664
2523
7173
9497
3303
92
1870
1647
6102
2370
5742
2698
436
7334
4768
3823
819
8448
678
1846
9664
7484
7529
6506
8451
4637
1813
4649
3947
1810
48
963
4334
3573
6812
7637
17
5035
5637
6119
7405
1379
8818
4194
5066
9938
4369
5885
8387
1399
4084
4403
5236
7965
7261
39
2602
9074
4688
6549
7237
4736
3864
1571
4662
677
5560
4679
5712
1197
799
9469
8929
9617
15
3995
9555
737
6232
4294
2136
6668
5050
7372
4634
2311
7411
3588
1386
2099
6490
8623
3188
354
6546
4202
7383
8458
8881
9447
9656
9680
5269
4937
5649
5284
5284
1557
6021
7868
5851
4510
4537
901
8234
5523
9565
5646
5463
951
4097
1953
5926
3637
8660
2472
7839
2395
930
3073
1843
6938
2753
3464
8227
4755
8748
3511
6312
1122
1380
8515
1984
2269
5769
218
4144
5334
2216
9607
2637
2666
7913
8563
6303
2925
7387
495
5320
4669
3568
3515
1608
2673
3331
6187
7428
8432
9699
92
5906
7431
8608
7890
9700
729
4460
196
6063
6677
9803
5052
9343
4068
3615
1998
3345
1002
2493
5018
5671
2413
4885
3631
5087
8217
9819
8867
6649
5870
8960
2555
3301
7568
445
9353
4649
4905
9549
7064
7934
5704
2116
3629
9773
5731
5628
9470
3085
4473
4488
5108
3239
9374
8740
8326
7591
4911
7193
4240
781
2505
6795
434
6425
3592
9787
1074
4849
5688
8138
9136
1392
254
2765
7517
5985
4745
6988
9070
9219
7828
4179
2458
7202
9271
7136
4793
534
681
5385
7667
3187
8532
8101
9612
8476
4240
687
3326
6280
8825
2462
7672
5432
5227
1542
1417
6325
4882
6840
5544
2710
7371
4354
6265
2994
7842
7410
3528
8523
2796
1195
8062
7680
5648
7675
6157
6240
4714
9483
2520
9891
8297
6544
5323
9876
4438
6741
6201
9320
9933
8097
8383
3656
8803
4648
6650
6645
2058
6530
1521
1206
4077
9583
8887
9725
3610
5044
2317
8324
879
4837
8216
9176
1381
3539
5404
5820
6632
1606
1492
2917
9703
9875
6573
8507
875
9575
1504
9286
6105
3025
6844
182
8961
5731
6259
2571
7127
8576
896
8006
9765
5464
3534
7499
5355
8939
3319
1988
6897
1163
1257
2952
7391
7831
7811
4618
3758
9316
3904
6216
8693
749
6398
7654
2832
9010
226
9960
3938
7474
4318
3704
2938
7853
1203
8293
3144
874
6633
41
8389
7891
9345
5780
2074
7157
399
5832
2825
655
2048
1518
7756
4799
9173
589
161
5751
549
4099
3225
4867
4155
2515
9072
1710
808
2216
8936
7442
8609
7326
1685
7955
9458
3759
1464
6209
5943
4289
6865
7992
5807
4621
9143
1332
5210
9304
7083
2111
9755
6660
3331
3911
9175
2403
1973
6336
972
910
130
5933
8236
1815
3888
4046
5574
1704
256
1517
5993
3473
5861
8153
8094
5004
9485
9657
660
2921
8120
416
5933
1451
679
1461
207
2652
7797
7531
9914
7927
3464
4502
9742
3705
8549
1668
5409
8805
9537
1403
2278
5399
5908
6724
6755
1745
2733
3768
4666
7206
536
6952
5009
7567
8413
1568
219
2562
9099
134
489
2564
4636
6583
6269
9537
4603
1678
4694
4140
9433
3324
5891
5341
49
2647
7087
9134
2767
8105
2692
3303
5057
7702
870
9822
9270
7441
8736
4722
3927
5577
7286
4916
2160
3555
4453
6763
1585
9148
7256
1019
2472
3147
2712
8873
5794
9799
4360
4913
7905
7052
8216
9314
1106
5438
5489
6729
2880
4225
1451
6807
9803
5089
8075
8315
8644
2529
1431
6581
8029
8687
3952
501
1834
6665
5727
3981
6464
87
8894
721
3491
3463
6388
4598
8901
1877
7679
1781
2454
5482
4941
8609
571
3016
6925
5567
1897
8356
2148
9926
7043
6101
6780
5229
2766
2507
9210
5582
8946
8105
6304
2437
1568
9044
3387
469
921
1066
8603
9727
6548
9896
8337
3471
9264
1614
9038
7514
9970
1187
7440
3365
3640
572
8594
6406
9431
4157
1988
8377
2262
4644
815
182
3688
554
7003
961
7973
5606
7041
873
1854
5378
4345
7471
3344
3383
4985
3314
922
8777
3031
4562
9350
7977
968
8781
2134
9309
7159
4396
305
4326
930
346
4880
7934
1307
2853
9892
4700
3727
1747
78
4424
9218
9774
7807
555
3088
8730
9332
2471
3292
8682
449
613
3816
8935
9922
7327
9684
6579
8005
614
6925
2885
8548
4585
2091
8441
9285
2170
6540
5716
6594
2110
5490
4401
2665
4931
9483
1997
7402
2776
7032
4203
9741
7200
3139
9663
4527
2823
2594
2532
3437
9520
1769
8338
4105
212
3131
3390
2382
9671
5458
8976
8133
949
9730
798
5880
5565
2795
9634
8341
6179
3838
8082
3379
6977
4097
4258
6152
6692
3142
5941
2564
4912
4279
3021
1476
3762
2763
3859
3433
8222
9187
7918
9171
5269
8716
1403
835
7864
1037
5528
4043
4875
9963
3775
8204
4060
4385
708
7104
7528
6650
6020
8792
7281
9041
268
1044
1805
479
829
27
9667
8748
9198
1288
3816
601
2123
1680
7990
7652
2076
2866
7615
5851
7422
8027
6588
8131
1484
4116
1133
7504
9260
8414
6546
9529
5810
4703
8
2992
4730
6027
1740
280
7316
1908
7233
5791
3589
5223
9795
5665
4441
7410
7868
1864
1790
4456
6347
9626
4925
7480
3482
4185
5894
6380
66
8057
1083
6427
1049
5813
8806
9141
2445
2474
1049
9678
8266
4638
1254
8061
6655
5695
1824
875
3911
9966
1684
258
9592
6609
7738
3074
7146
9985
9455
3565
8042
538
6344
5443
2704
5150
4584
5149
7625
1985
1180
2243
2976
2434
304
9631
4481
2128
507
8393
8446
8543
8651
8038
5152
2742
1113
8650
2727
6920
8567
7121
7458
4911
2564
6514
62
3500
1664
4039
5485
9196
2634
8461
1630
2938
4445
2463
1419
1304
856
9865
9847
5860
4256
1351
8602
1721
1
7681
8641
8569
4802
2451
9832
3718
8966
6246
7218
6982
285
9055
6178
2919
3869
4160
2210
8314
6623
9981
9618
3832
6198
5817
9692
454
7168
8294
2175
3521
2327
816
2090
7129
3268
8275
847
8586
4521
4417
5568
1159
9824
1746
4078
3693
2258
2640
2007
8881
8973
7977
9065
5172
146
8757
5626
7314
3403
7802
836
5730
4970
9278
9211
4590
7553
6410
3176
2075
827
5096
3234
7004
6842
3664
697
5452
2657
9057
686
1630
3386
9751
6802
3533
8509
8781
847
8264
2935
8035
3995
7905
3666
9558
8848
7571
5969
2024
5998
3148
7121
9232
152
315
9249
850
2120
8258
9907
2806
9888
9645
2557
3043
3178
7418
1824
378
5683
1111
8413
6030
5368
8431
5588
4216
6003
7909
2593
2001
1058
6066
7586
1210
2733
6835
8412
4853
1445
4671
7659
7685
4317
6569
728
7495
339
8904
4225
2374
6367
2639
8404
1736
1070
345
2304
3425
4606
4897
5427
5664
7315
3013
3227
49
6200
7991
4902
7645
9015
8914
5330
3332
1835
2411
7179
2174
7667
1405
4549
4035
396
9305
2123
7818
6002
4427
1244
6961
9325
6671
8977
6640
6036
8556
3041
2236
6548
4296
6233
5563
3210
7915
5247
1397
6678
8778
9923
4346
6535
824
4733
3283
6482
6856
1102
2484
7635
8698
5797
3312
1721
4775
6305
7757
3331
9346
6345
6231
3642
2578
1794
3204
493
3393
953
3524
2172
877
7870
5059
1701
8955
8343
8183
2163
9445
7020
9798
4495
2817
3111
2568
7592
9416
325
7276
5114
3022
3507
5109
5600
1654
8313
2445
1399
9267
5969
3571
6496
191
4983
8197
9146
3326
6381
7661
9123
9753
7460
3618
2570
6923
6186
6515
2691
2863
143
7805
5885
3650
2914
7837
1656
7580
6634
3056
3199
8956
2979
9695
5499
7962
7892
4646
1288
625
8659
411
6730
6119
381
5653
9394
2919
2168
2085
5782
8663
6243
8019
2313
5509
5856
322
9441
8843
3378
2640
7799
6357
8687
3298
4320
6580
4296
1960
3557
9308
2372
288
1779
9105
5941
1174
2025
4461
9611
7807
3124
2206
2179
1789
7716
4387
8463
7157
3230
1841
6150
7381
4551
4837
7032
5223
7769
7680
7183
7679
6988
5907
7967
8768
5013
260
6294
3390
1073
5905
7549
549
8112
9728
8690
2180
4116
7154
9337
3698
5347
1839
7432
9898
6677
4464
5121
4446
8496
8657
2125
5485
916
6444
605
5929
3056
6899
5671
481
9156
3221
1030
7268
2949
6073
5800
3417
3227
1490
3468
8574
3329
900
4825
6
1716
6298
805
6564
4955
9282
2049
5872
2079
9006
8153
1487
2257
3825
1969
1414
7046
9351
5034
6347
1776
835
6117
5003
2325
9585
9930
2006
6837
1107
8365
4905
7405
5522
1469
2361
4804
9871
8233
3235
8877
2738
1075
1135
6563
9396
8901
9961
5099
287
6309
6876
1122
8778
8231
9799
8363
8161
8158
1552
9268
6523
6457
3026
2045
7926
5387
3201
7797
9972
2789
3027
2710
3864
514
5626
3260
9415
5587
8359
9702
8248
1587
7177
7026
9819
3328
1741
4332
1486
3293
9953
4361
6102
2979
2758
4029
8366
5960
8178
4690
8749
1205
3752
8965
1719
9378
8577
7486
1318
3288
3541
9566
4876
7070
2945
4695
398
4686
5379
8237
4332
5332
8950
434
4663
1709
815
9381
7669
8994
4071
2770
199
7824
8087
8271
3554
6664
5757
4872
6304
5650
4439
1180
2720
3736
2227
3119
8422
3959
7708
9106
9291
6658
5893
3955
8367
6708
9688
2388
5702
3760
1510
2254
7936
9597
6877
1490
2613
8986
6363
8918
4637
7154
6450
7357
890
5030
6828
5664
8989
4536
4771
8280
7547
664
8587
2266
3724
4628
1007
5779
8388
2517
4385
2676
8467
1262
4166
1080
248
6881
6350
1237
4035
9153
8595
1277
4183
5423
6942
3172
6312
8065
7804
211
5081
2744
2477
5157
7372
3484
936
5760
2354
5321
4788
821
2935
8954
8253
3184
2188
4604
773
2575
109
9368
3853
4292
1144
7147
7464
3808
1564
5268
371
2997
8012
2848
8154
1736
2685
9091
7496
1391
764
8636
2212
3700
3943
6817
3236
6131
7773
4009
8706
7882
9730
8911
2174
874
2410
9638
1034
326
1259
1405
3323
5623
605
1478
7360
9642
6921
1208
1033
7685
9845
9597
1385
3788
6415
4621
9919
4188
4983
4977
2071
4713
241
4245
1939
2651
236
9325
2978
7847
730
2653
3470
7687
483
7182
3682
7404
8391
4715
1442
8236
665
2827
8376
7080
3801
4647
1268
5136
5976
9691
9849
6217
3937
8140
5221
525
7465
4551
8372
4547
7204
1842
2234
7688
9025
5916
5092
3768
6984
6534
8356
7649
5714
6732
4729
5867
7731
2349
1003
3707
2041
7204
9925
2330
5344
5146
2855
2809
6049
7579
7356
3253
5773
5942
7293
1150
8211
8738
4918
5195
5272
3274
9196
7338
6358
277
9557
4089
2626
6912
7797
1019
4116
4074
9701
5812
5572
8908
8621
1621
6487
2329
1226
2261
4624
8520
3411
2835
7258
4682
4382
8882
4308
9930
2573
667
207
2130
1108
9185
9043
5257
6557
9511
9331
6258
5324
1255
5167
297
2876
8006
8979
4103
267
9955
8975
31
9142
6233
4713
3524
5115
9021
9806
7688
6040
6365
6171
7149
1902
5214
8758
8459
1077
8090
1070
6401
9345
2589
3051
8574
595
8382
9029
863
8337
8004
7246
7479
589
1959
7355
5704
7332
7161
9745
9725
3526
5916
6874
5428
7482
1984
240
4911
74
1310
1313
5772
3899
716
698
846
9098
6079
8061
7435
4083
5307
4914
4672
3618
2269
6728
7303
5782
2825
7028
9308
5093
254
1088
2575
2238
7680
7487
8665
8990
5152
4437
9241
2220
1487
88
1318
7566
8149
5105
8001
9809
19
9025
3427
8640
2105
730
4422
4931
4110
82
24
4364
7522
8952
6603
5203
2791
5268
545
4295
6057
9787
6515
3896
6227
4185
1462
728
5642
9463
537
2013
4840
317
653
6945
7399
1427
1876
1510
7861
8253
5874
5383
7205
8829
586
6348
4097
7484
643
6506
3623
3510
402
9850
4047
8216
6930
9689
4031
3820
1702
8871
4137
8707
5817
1536
134
4045
3046
7995
2298
8921
9730
5855
7750
317
2203
8200
4153
9198
1058
7776
2708
7813
3978
3107
6029
908
2796
6413
1080
850
5284
5217
9557
1101
3106
6043
5147
6152
390
3797
1425
121
9653
5528
6790
1856
80
943
1055
1138
5071
115
5303
9049
9575
1333
6309
8723
7746
7390
9574
9382
2607
5483
6836
5713
7879
1983
8218
8269
2132
5995
4742
1785
1523
1532
3642
7955
8827
1049
5446
3898
7516
749
2947
7091
2082
5609
2167
6180
2999
1741
5563
5606
3576
8751
7672
7807
7086
2242
6077
9218
8237
7171
1004
6113
5056
998
420
3883
8399
5866
4134
5915
6616
3433
9359
5050
9042
1526
7583
2041
9619
9498
4000
9547
8249
8024
7355
5335
6618
9784
4553
4855
6955
5557
7320
2011
2907
7741
2247
1306
9959
6381
3574
6575
9814
2933
1626
5209
811
5561
7250
430
5059
7602
9977
3308
5626
7332
8643
2244
7116
9548
3452
424
1458
7124
2435
4365
1217
4682
2024
1177
7415
5598
7752
3582
4883
5730
8791
5694
1291
6041
2476
6350
9996
8805
6010
5622
2490
1005
4219
9606
554
7671
6382
2012
1147
5170
6377
2365
9852
8401
3542
3620
351
1294
7202
5234
3377
5993
928
4668
8386
9756
7371
8382
8562
3381
357
1052
4387
928
7010
1293
4951
3393
3305
6098
8563
6034
8463
4767
788
2005
8387
1139
9652
1941
6374
3029
4286
3654
4049
9025
3411
7772
7407
8325
1154
4116
9377
1893
5044
6387
3186
9995
6132
2843
6094
4695
8877
909
5815
9665
2915
554
805
8919
2496
3531
8300
6782
3537
2349
5807
6948
122
9567
1625
7628
35
1002
5873
1432
3742
5411
1427
9874
8254
3873
922
3483
4783
6737
3149
4050
7291
306
9321
6139
189
7621
9274
3726
9970
1433
7027
6444
1000
8652
4072
7388
6007
6297
8820
9749
1708
247
9623
9962
473
545
3446
1608
3634
2947
2010
926
9605
1331
7065
6146
5304
2691
9872
1626
4125
3251
8071
5125
1904
8495
8865
4263
4793
7685
4012
6501
4285
3635
2816
4758
533
2614
2718
4167
1913
1080
1445
1518
2411
4863
7664
4067
7554
3888
5693
1679
7140
3764
3157
5396
8612
2022
9659
3405
9708
23
6258
345
3658
9074
1455
4191
1688
4173
4711
9953
5253
6156
1471
4016
1019
5487
8083
8574
5728
3776
253
2868
3893
3410
4616
2505
1785
627
5910
7845
650
2168
8190
660
7595
9645
1204
5635
3818
5915
5589
5423
2071
3412
9439
3091
8900
3874
1665
4628
7650
8270
3848
7895
8033
4816
400
9818
5443
2662
7663
2445
1183
5853
3105
8778
1850
4309
765
5668
6576
6354
7443
8648
9767
6882
8091
5019
7108
6108
5999
1110
4378
9847
9006
8763
4663
5758
8581
6458
8421
2596
5255
5956
4801
4712
1086
6651
5374
1851
8671
1950
4558
6114
6950
677
9348
5041
5696
6456
1149
1695
7567
1880
7894
6573
643
8909
2331
5577
1719
7104
4525
6974
3060
9327
8038
4146
2330
3412
5998
1002
1715
6908
3468
8665
7585
2817
59
3281
9273
1208
1328
6840
3088
5574
9765
84
4483
2097
5661
6202
9201
186
9528
8614
5865
7566
2760
8196
7331
5110
5550
5398
2018
9018
4063
5955
1835
4122
5588
1109
1683
6916
4301
1123
8842
4067
1207
3325
2516
6868
9527
8069
3407
5407
6683
9272
9326
5796
3820
6657
906
9370
2055
9277
4741
2470
5232
6576
2945
7173
4037
4628
441
8339
5751
9284
8758
3311
2609
1274
6531
8489
9343
9938
248
6027
5563
9574
1823
9383
6231
9081
5106
4638
4710
9847
3461
6295
2775
6406
3468
6813
7386
3909
1504
9489
9545
6614
2800
2155
7888
9332
6996
3583
5622
7244
5962
1185
6819
7785
569
9402
3219
2027
393
7929
1874
3854
576
4649
6612
4044
7814
3998
4306
5670
3487
3851
2284
2640
2358
6524
1972
9354
108
7594
2951
6070
8780
6122
208
5701
5524
3427
4080
2269
7708
2306
6123
8285
6955
2735
8681
1122
3085
9339
6792
2925
9543
5429
5565
1901
1953
7537
7608
2061
1483
559
8132
6615
6681
4692
8668
8557
8119
2748
827
2179
5054
3302
6816
8362
2390
1850
5836
5475
1189
8980
8400
732
4409
3965
8986
6363
7854
6594
4776
9338
3505
9260
2305
6538
3952
974
5095
8423
74
2274
6955
5129
5577
3771
9843
7967
5621
5679
9794
3163
4659
4547
3895
5421
8512
2881
8136
2719
5827
2912
8409
5684
8525
714
2222
8829
1688
3670
3605
1763
5944
560
3244
7873
4331
9439
2192
6305
5118
1987
9468
6129
2886
9715
1550
7750
8949
6038
469
1128
5303
8878
6813
3828
9593
9035
2657
7633
2705
2614
5748
5002
3174
5344
2875
3858
4783
1420
163
6253
3407
5983
2383
2645
5698
285
395
999
6324
865
2128
1627
6095
8941
5455
5688
7976
4464
9674
7034
7079
1774
2036
6605
7119
1263
463
1902
2683
626
8156
2442
2961
6891
5087
5012
7176
5483
6011
9852
2700
4491
1479
8795
3432
3286
836
7761
4103
510
1147
7534
8636
3183
4139
5755
798
4603
4010
3482
1581
8518
2276
4543
1761
3716
5907
8937
9199
8270
8790
8251
2762
6621
7046
6194
9908
4234
307
363
1096
1454
7897
9733
989
2036
5488
1788
2991
5850
1622
4573
720
250
5468
2481
3966
7727
7771
9517
5997
2913
7768
8759
9534
1167
1306
5794
5401
7965
6157
6498
9420
4054
6231
6761
6091
8071
8549
5434
274
6523
7
994
6774
1827
3476
7092
9554
1247
6610
1904
4160
730
663
46
1897
8321
5841
7299
6287
1998
149
5707
6053
6380
2468
8496
803
7370
3930
1077
245
290
2072
3371
8469
1900
464
4376
3147
7074
6280
3659
7804
6943
3705
6054
5265
9546
9705
7904
1545
9854
3611
3950
2586
2431
8798
3389
6153
9080
819
6399
9370
9243
9770
4192
1143
234
8568
4290
3660
4848
7949
7817
8143
1654
3871
9760
7553
3576
7664
5450
3430
1275
9400
2368
59
8198
2109
6212
3630
2928
2611
9353
2171
2382
3545
3314
8968
2113
3956
2629
3313
8257
446
1456
6264
669
1217
3817
4245
8881
9267
4027
6509
5019
6395
6568
9569
4856
2780
3199
7785
1744
2552
6308
478
2449
5975
9446
4562
6283
8427
7875
4541
5225
5684
7157
5894
6901
974
139
5782
6593
518
8643
7964
3265
5211
3885
8122
4344
7084
2259
2440
5989
8567
2918
8438
894
8716
9353
7178
3496
7228
8071
8721
9264
5228
968
6165
2554
7459
8300
5499
7978
6943
3463
1243
8507
7348
5717
2851
784
7976
1643
6773
2896
913
1564
3790
9629
917
7320
9477
4497
5391
4551
3762
6971
5519
9927
9525
2978
4579
5024
7308
1523
8487
4904
30
2187
621
9233
2972
4950
7228
6097
7846
8141
7661
7988
7770
4930
5309
3600
9428
7052
8151
9542
4024
3670
5821
3549
3000
401
4926
6661
8276
9765
1565
4658
1953
8538
3891
1277
3488
7471
3726
1334
5612
1388
5675
9734
2670
984
3334
8450
8036
1485
7992
8412
1507
3814
8314
860
567
3240
7521
8843
3005
9086
3501
1310
7624
3744
2587
7465
1215
6314
5151
3179
4054
826
2913
3076
8162
6248
1527
6199
4085
5871
963
1945
9685
9277
2805
6604
2517
326
5447
1875
5764
5300
3185
9740
5396
2125
7205
6611
4791
2357
6142
5197
9535
9056
8273
7698
1656
6152
249
5741
2024
1212
4038
8061
6842
6843
4666
9359
3521
6465
7586
9285
8118
7124
9026
3514
5601
6231
6478
392
4940
2620
1941
4476
1676
6566
8526
9684
2719
8775
5426
1095
9987
5816
9156
6829
2660
174
2541
6181
2992
6479
1819
1110
3603
845
976
9204
3428
7454
5948
4721
6427
4241
5549
8103
7160
4075
7788
9879
2850
9566
7326
9189
1734
2834
2371
4394
9361
1264
6928
2353
4095
5099
9815
7699
5944
791
3255
5724
4598
5556
445
1025
6149
2346
5480
3309
6421
9620
9540
5623
5538
6866
1165
7273
6053
9888
8019
5414
7504
4947
4119
1599
6398
3934
5650
2342
1077
5258
4419
2027
814
1216
9404
3315
3563
4885
6625
6336
4505
2517
8312
6396
9384
9477
3669
5437
5717
1688
7203
3221
2988
1322
4820
9386
1608
471
8081
2685
5729
2500
1065
2895
68
469
6210
3631
5354
9187
6320
6212
1705
4632
2608
7441
4109
2629
9230
9826
4317
6433
9399
3657
7755
4219
3044
9363
1042
7477
8400
6771
6329
9465
6018
6397
9935
8581
6381
1641
7768
2701
4205
5825
7333
6813
3266
7794
9442
8848
3972
112
5281
3371
121
9388
7590
9517
5103
8633
6994
3504
1756
3323
9321
4127
6073
5608
2708
2454
7250
6828
5155
1455
9006
8840
4621
8624
6634
415
7473
606
6879
9106
329
7001
8495
7919
6518
3598
2904
3513
3454
1013
3188
9128
5140
9261
4736
7848
8067
8338
1028
3222
6146
34
8414
7119
8659
5048
3886
2484
2006
766
1590
2335
4119
85
6607
637
36
9511
502
3490
524
43
8970
2016
5656
3707
6216
3724
8397
7245
3298
4543
3631
1713
8014
8642
3113
1901
1126
5120
2667
2717
7455
6786
9154
414
3775
9190
9926
630
9033
6802
673
8003
5171
6329
8062
1387
6405
6460
4984
9704
7355
8616
1417
1722
3610
4530
3623
4737
6002
2642
3806
9810
5780
2960
224
9555
2151
6502
185
7536
9657
7210
1891
4828
3540
9954
2567
9945
2766
7552
6001
6473
2520
3770
8195
6130
8301
8170
7219
655
812
1025
465
6592
3986
7042
2500
2489
3544
2685
6377
3201
6248
8268
4381
6140
8222
6949
6085
7340
4501
8439
166
3373
2209
8361
9503
6862
2884
6723
7518
3696
7748
7983
6641
8086
1377
9141
6927
4922
8178
3304
4475
4426
1573
5209
566
6147
2158
3004
3488
3011
1443
3654
6384
3652
8367
2239
515
1251
8962
4385
1300
3063
8720
7941
7501
98
3434
4429
1372
7964
7733
5847
2391
9306
1056
9309
5454
9566
8665
5294
2577
6460
8948
5313
6465
3667
7553
3332
1271
6515
7717
8923
5930
6437
6864
3432
6535
6650
7861
7907
4614
1946
107
3357
1253
7515
9019
3059
7082
7684
8353
6011
4145
3653
1325
610
7320
8878
3942
4943
1745
1659
3866
4028
4448
7082
7460
7336
3732
1673
1595
4699
9971
1702
8056
1224
5570
3427
4283
2652
1112
8988
5015
5257
2641
6340
2219
6314
1570
2513
1257
3316
524
1476
7344
4972
8558
1156
2308
8643
9181
3904
9694
9152
1958
4102
6729
7528
7530
7364
6532
8642
6353
1548
251
8994
7888
8822
1660
9459
1335
9270
9127
1859
746
2823
6831
5656
331
5492
4299
9512
9396
3993
5016
1354
8096
1745
5235
5626
9110
1767
620
1815
3315
871
7161
7556
9693
8822
3367
7380
8092
8846
9239
8838
1669
2422
4494
2000
7914
5146
7864
3662
5491
9232
1369
3587
978
6604
5565
6440
8371
2537
4607
8039
3408
1768
5595
9453
590
5314
6833
8682
4160
2424
3872
2181
4847
4719
4181
2761
6217
8397
6424
1708
7629
4145
1648
4959
749
7213
7751
9120
6103
2358
3511
9511
4127
5458
5317
1069
772
2150
6104
1284
4575
6328
3465
5774
1047
3998
8535
7264
2395
1311
5325
6377
5456
6973
7688
2557
538
5440
8030
6641
4150
1541
2505
4629
7000
7822
5699
4124
6324
8155
1761
7251
4483
5226
3025
1883
5577
7913
5499
4324
5576
824
7053
7385
4149
4742
9942
4688
182
7972
1329
4332
5866
186
8962
9218
8008
1013
9694
4333
9168
1455
1584
3
3034
962
8238
8611
8875
3738
9287
803
914
6341
8188
5064
1083
8131
9752
1265
2455
7433
1949
8321
7620
7263
7539
5628
4628
7234
6313
148
5041
4250
152
8075
5212
8390
3038
439
8480
2326
1242
9395
5019
5783
4459
6102
3914
563
3719
2721
7996
2020
1043
1968
9284
4934
3949
3912
8520
262
4061
9914
864
565
7989
2428
5307
7380
9219
3788
6058
6814
9535
1077
2597
346
3531
2863
909
7250
5584
5257
5622
2979
7226
4906
7914
1175
5171
2786
7789
5584
2700
5006
2501
7042
7434
7808
4422
6654
7948
6832
3468
3835
7909
6065
4181
1440
8928
1442
5042
864
6700
664
3844
278
1923
8110
7805
3446
896
1946
5382
9949
6952
7883
3343
739
2043
7765
7393
6344
4597
7213
179
8858
9630
713
6650
4910
2155
1692
5774
8855
8708
9618
5485
631
7728
3290
429
4977
1589
5811
1278
8541
3694
4621
9280
2090
8738
3025
8434
9687
238
8613
8545
6220
9326
5195
1130
7834
3239
6905
3041
1947
2875
8527
8931
6956
8169
9360
8285
9758
5172
9563
4652
5218
4184
3932
7308
2922
3310
5742
2609
3548
708
7506
6121
6386
9053
7251
4220
2292
508
3614
591
9736
2141
5874
6692
6662
1587
4977
6421
3111
892
1073
8329
5076
1357
1990
4350
4667
4084
6959
4568
1144
4465
689
7531
9870
4292
8103
2162
4801
8069
9105
889
210
4980
7581
3225
2919
8910
9646
6030
9802
7071
711
4878
4780
2701
9228
9448
3138
2539
368
4282
3356
7409
8165
3226
1701
6269
1740
2854
690
845
3743
901
2177
7676
4126
5096
6586
124
7478
6388
3547
8190
7618
8327
7243
3198
4127
381
2089
847
4664
1797
8256
2829
1375
9958
5450
3115
9164
6141
313
2908
3394
8842
6936
3872
291
3523
348
7769
6263
3895
5959
234
8574
3203
9784
2702
9936
1874
9901
4600
3671
8158
7430
5047
4468
9232
4514
9984
5373
1179
2892
5119
22
9829
8991
6665
9704
9339
4434
5967
9586
6746
2553
8161
6301
2338
7215
6237
4212
7116
7190
4235
1626
972
5634
6094
204
6501
6079
1930
7680
5323
7049
4054
1504
2393
719
7560
1732
1506
9880
7671
4604
2433
5832
905
4771
9399
3494
5335
6515
684
9571
8142
1656
1557
588
1861
8058
3019
143
2091
4695
7192
6145
6199
9585
3217
3760
7670
1075
9992
5341
5679
2425
7525
2936
7197
6924
6430
8884
9791
3467
4807
4285
5123
6365
1226
3336
775
4245
3479
2866
8940
7024
5364
1492
2961
4933
1604
6983
6008
1596
8676
8039
4021
6201
975
7570
9477
7405
6455
5621
872
1262
9906
2348
3979
1132
5684
4755
1730
5516
3973
670
2540
5689
8514
1853
6974
118
8837
9334
1714
7513
7373
2088
67
8348
9658
5896
5754
2465
1517
2978
80
1424
5326
4059
8908
7363
5166
638
2879
9140
7661
1771
1181
6175
3624
8156
6294
8813
7490
4360
2679
4864
2800
2746
9564
8811
8642
1670
1276
6512
4649
1356
7936
6327
1768
3196
42
6934
3835
9273
2426
1496
1044
3608
4023
1021
8116
6669
6186
5606
7382
8865
6822
182
1611
6387
8993
6606
8057
6622
3118
9058
4330
7406
5386
6098
602
1780
9385
789
1054
1811
8637
8450
5419
2661
5823
3535
5682
2010
5494
3064
875
8668
3247
8839
5055
8592
1797
9465
5214
1267
8523
9545
8673
261
1995
5627
2042
1380
2769
3096
3192
1406
7898
4963
419
3722
4851
6102
5732
6697
9166
2959
5365
8765
8150
6773
7358
6299
6238
8924
7566
4761
4821
2591
1375
6817
4571
3417
4549
7340
2865
4093
8746
763
9057
5518
4485
260
1620
6569
6957
7138
5881
8674
5904
383
5447
9614
6683
1685
8538
4249
2799
3360
6841
526
6529
1412
3943
1078
5104
3160
5172
202
3923
581
5720
4761
841
3692
7682
4150
831
9915
2824
3087
299
8272
2701
6982
6309
7591
7583
5460
951
776
5986
3832
8540
6281
4911
3644
5793
6435
3847
6069
3368
5919
830
561
9612
4864
4711
6795
4780
7535
9882
1431
2159
8935
4765
4821
2878
2348
6633
3830
3125
8972
4014
1665
5253
8925
1662
1047
1712
1861
7116
5080
7780
4298
5641
7392
5514
6704
4187
6646
592
421
8077
9103
5708
2842
3924
8587
1543
6910
8769
4668
5882
2783
2685
7487
8061
699
4886
6125
2560
8354
1206
341
9004
3199
4085
4519
6256
8273
7517
6848
5046
1947
5951
7107
4789
6228
5694
2684
3138
815
7352
5372
9950
6390
2859
8011
7089
4098
4137
9650
2452
1695
6343
1457
1246
428
2328
7502
5053
9845
4350
100
8144
6654
3559
9286
2882
5605
1970
2372
6420
5675
7744
6370
2065
603
734
5506
4701
1223
5156
3506
2918
1499
1315
516
1928
3643
8019
6981
9840
8721
3433
7985
1727
6992
7271
4609
8949
5593
6981
5369
1268
1077
8092
3333
8033
8826
5192
2734
49
348
2592
9319
8200
3907
6187
6480
3902
4206
9813
95
9280
9599
4432
1007
2943
1703
1969
1893
3648
5302
3614
4917
6380
1706
4602
4413
6884
9794
3499
6933
6495
6092
2604
4695
6351
8792
7527
254
9350
3692
349
4982
3291
4781
2342
6235
2836
4311
4480
6484
9613
8094
7753
2345
6153
2356
6758
3037
2150
6610
6323
8645
2702
8927
9692
5405
4071
7219
5659
9774
912
2360
4756
555
3493
7098
3142
2681
7761
3974
5518
3727
2069
3271
6072
8222
5627
9183
1259
4130
5793
3934
2775
4847
9214
2468
252
3285
6039
2264
3059
3303
976
4168
211
4470
7618
3353
3503
5380
7328
9021
5459
5749
8645
7883
323
624
7066
7934
4754
9211
1869
3882
4058
1083
2702
663
720
8741
2927
3780
8397
3903
4300
8608
4725
1918
8313
8229
3650
1993
3602
5461
7742
8599
3345
8065
9224
6763
2352
3978
2327
4221
4212
6385
5304
6914
3400
6024
5656
2679
6156
4053
2935
6808
9013
7660
8727
7326
2241
8729
9320
2196
4191
3414
795
3888
7832
19
7003
184
350
9330
757
4562
2068
6061
1477
5468
8437
3485
8148
946
3890
1083
7754
2903
5095
2833
229
3689
7915
5901
5885
8458
5668
6680
8698
3500
3052
5701
36
3402
5032
793
4316
7100
3206
2145
8920
1643
5630
7068
8941
9520
4503
3048
2423
5951
2233
9005
9640
148
1258
5525
4958
6926
8557
3656
6778
1609
9358
6814
1363
742
7607
2032
7842
813
4177
6762
8809
9808
183
4102
5680
1038
7150
4456
6989
9384
9813
6629
5884
1071
8506
7195
7998
7064
851
1128
5025
6561
7943
2741
7303
5550
4773
1497
2716
5302
4612
1525
1462
4795
5627
7143
5833
9130
1599
2823
4866
1412
5804
7102
8835
4311
4297
3185
7727
1501
4314
2752
4414
2257
1845
1718
4159
2970
9567
6875
8273
4179
4752
9735
8974
6732
3230
1160
5862
4829
335
7080
2593
6139
4182
1429
450
8480
966
4529
6333
5280
3634
747
7537
5479
8817
1697
8450
8385
4924
3075
2564
6029
2810
7891
2761
2393
9051
4975
7222
9386
2055
6168
5525
6237
3949
2328
1069
4915
3209
7402
196
6843
4502
4085
2323
3319
2134
7125
1704
7059
6552
621
3088
5714
8512
2201
8107
3915
7176
1682
3301
9231
7850
5178
1820
8151
3858
9242
3066
7068
2996
3262
263
7498
3700
8938
818
5834
6063
8874
9245
8967
5847
2333
4682
4359
886
2789
4626
8062
4471
4279
3645
8673
9458
1818
6824
9668
1060
9891
3088
4056
9505
3352
7907
9557
2290
5077
5392
4706
3951
4637
3673
9799
3323
4707
510
4209
7497
5137
8624
8320
9416
2269
3346
5226
439
170
1247
1499
6413
687
1908
2271
4039
6167
1828
2682
1244
3572
7388
5195
8210
7413
1346
7885
2121
8209
2094
9618
9698
7070
4290
5466
5692
7636
7045
6131
4159
8292
3983
572
8979
2243
9195
9371
8410
1024
2053
9654
4596
9441
1201
9158
6854
8900
7043
5327
7109
5490
4945
6807
2560
5588
8625
8252
3224
5670
736
7383
3962
4719
4308
9294
6962
3503
8665
1724
879
718
1378
1828
6511
8931
986
9717
7831
4382
5045
1292
6224
6342
4451
5136
8282
3077
9741
1507
8747
477
5242
2710
1548
5902
8356
4862
5758
7021
6586
6637
4091
4316
8465
6954
3247
5804
6671
1079
6538
8068
8723
9114
763
3175
602
9045
6252
343
6904
4999
7172
8499
4061
5072
4401
2417
9934
159
5790
2872
3149
9881
7188
1614
3187
436
3770
6211
7867
6660
4279
6590
5774
1394
9765
6377
440
6017
3072
3696
1017
6597
2195
5078
8021
2949
3848
4308
9460
9638
7180
2609
5872
4369
576
9059
4805
698
5270
9024
7359
5902
5614
9485
7296
1732
2214
4088
7749
1639
7785
5118
8236
6332
6549
2609
9281
6749
6917
8742
6387
4098
7703
8611
8467
8279
7671
9624
5330
9293
8648
2689
5195
614
2174
8844
8698
741
9284
6448
2380
7069
7918
616
9754
819
9577
9035
7568
6495
4129
308
593
8185
8919
5412
2816
2942
5036
8146
2236
36
835
3783
7002
9362
2627
5701
103
1912
8501
2483
5333
6419
9451
5087
3591
9028
475
7511
5523
956
7819
2468
9141
3091
7880
1958
6033
9268
104
8269
9304
7292
8405
6307
3006
7384
8360
9461
5648
6861
1944
982
9632
7747
2421
3223
3127
9248
7087
5003
205
1258
7471
5698
4349
5352
4008
6735
4620
4113
1356
277
7757
9761
2936
7115
7146
1296
6576
2794
8157
8520
128
7789
2619
8902
7365
5746
8150
804
749
4707
2062
4573
6758
2764
6277
766
9499
7249
1231
855
7526
8988
6969
6814
6103
4115
8110
9031
3261
2619
7551
3390
6761
6522
8644
478
8621
3146
1282
9370
7854
3344
295
4612
2460
6572
5378
1959
3822
6610
9167
1348
1950
6136
8163
4406
6603
2625
3437
9864
5245
7341
9606
2006
3863
8250
2484
2484
1397
118
8207
5603
9814
8502
6567
2275
5075
1945
4234
5249
4907
3401
2949
3210
5889
7464
7616
2492
90
7405
2357
1687
4746
8315
45
4962
6566
8881
3798
4315
8999
2005
9918
8813
6860
6485
1088
8287
4782
1675
9888
6042
1428
2837
9252
7318
302
3220
9810
392
625
8519
8431
5372
6835
8476
6686
9753
7357
484
420
2708
8842
338
1521
2054
3175
8962
341
4309
637
229
351
2065
9418
5955
9383
9720
9175
5546
6464
9801
4065
4895
1525
7252
9723
8211
3357
7080
8695
3777
9788
7537
467
7662
5943
3642
6624
6284
4304
7261
2865
1007
5678
2284
6963
1414
8356
2490
3312
4821
2291
7377
6068
168
982
5792
8379
4339
9224
7075
8117
9013
964
8584
3027
6908
8579
9651
9544
9235
3264
8762
242
5294
7398
3557
6708
5754
6048
20
6927
4691
3750
9348
4860
1084
5140
3239
5423
716
6666
9892
9729
3983
4829
2756
7243
9760
8759
3139
8995
2023
8253
5589
7318
5651
9147
378
7758
1547
6751
1037
6238
501
385
7450
1585
1877
7042
3360
2594
3708
3253
8675
4043
4434
7784
1286
4194
6543
778
9541
4919
9031
5130
8589
1035
629
5319
8793
8528
2070
6182
1119
2571
6568
8569
508
4797
5611
3869
7391
5672
3474
2419
9715
7908
203
7354
8454
3098
8132
7995
8017
3515
9477
2958
4550
107
8278
9695
4987
348
5878
6106
9272
8798
4676
6132
3595
6639
1
987
2311
9827
3406
8379
7735
9961
2085
2541
3059
6569
536
7429
84
6366
387
987
2825
5017
682
7812
1718
6560
3919
7342
1710
4947
3474
5306
7938
3476
2645
250
3303
6051
4981
7391
2364
7066
6284
5423
3635
3173
9204
71
9539
9592
1058
2364
961
8093
176
2679
1005
447
21
2716
1746
3496
8022
9685
3324
667
6287
2979
3070
7620
6722
5434
4686
3007
7209
4673
2532
6414
1096
2071
2358
2155
787
3319
6600
7315
2351
7605
7763
8724
321
5861
8572
8343
5546
8248
5362
8185
1228
8432
5805
4302
218
6843
3661
3780
1516
6193
194
2613
4616
2552
1120
5403
2223
7720
2719
926
5325
6834
9651
1999
2695
4575
6694
4594
2824
2057
2779
404
6841
4937
4706
3412
1780
4720
7192
3297
7265
7386
2262
1882
6290
9734
7285
4865
3806
4
5792
5483
3190
1795
7482
5886
2722
4177
6832
5546
2586
9611
2302
5779
4548
3361
9191
6329
8081
6383
5978
5346
121
4592
3580
6411
678
866
7629
4484
7222
9773
9967
413
7920
7450
2651
642
7979
9483
2541
6917
5446
1195
2696
6347
4556
1888
9028
8989
8271
1358
688
8393
5950
4268
1156
6628
1486
5137
7464
8709
4910
7431
5474
9182
1233
4477
6177
9212
312
8718
2481
5758
9913
5178
8457
822
7066
7485
9811
1689
5195
499
6434
7497
4768
3943
477
6254
9080
7941
1315
343
5373
3141
9525
6606
7618
2054
2171
7930
772
4652
41
7038
6182
8498
7860
3248
2336
4023
4938
7531
4523
7724
5029
5643
1667
5506
8249
7100
9800
9565
7443
5173
2706
3320
8131
6677
5375
6654
4607
2499
7659
1000
5889
3841
9499
101
7090
8187
4125
8380
2070
8648
6104
7099
643
4124
8958
8892
1224
8758
4809
8667
283
7516
8339
8414
545
66
1421
5152
2566
9080
6153
4807
2921
2004
4909
6363
191
9034
4743
2261
4034
7200
5713
4677
1324
1023
9921
2548
6133
4731
7567
6416
8599
2258
1182
9144
2325
2603
648
1243
1683
3153
2402
957
5157
7311
7320
1700
6345
2064
314
6731
5616
2379
7760
3292
3402
7682
2192
9535
8765
9759
2303
7364
8369
3485
2860
7046
2441
3508
4641
4124
6662
7044
5081
8171
4355
8754
9872
7053
7170
186
3784
2786
8917
7897
6078
2319
5579
8270
8206
4344
4381
509
8060
9102
346
920
6149
2787
4428
7142
3264
7442
4186
4697
5614
4894
3451
1838
1947
621
8376
2083
9759
7293
9980
5837
9612
1911
459
4170
6255
1192
4679
667
295
1377
1587
6444
4165
2368
3586
7429
9810
4125
2126
1776
9019
1930
9966
7318
2551
8342
5753
8663
1987
5734
4500
7951
3997
1312
2121
6605
2504
3152
7272
2799
4530
8860
5595
8695
7580
5534
2476
3742
9659
954
5519
5030
2884
1837
2348
1788
180
8101
451
2167
187
1303
119
4185
2615
8592
790
1472
1745
4414
4271
6275
9626
9867
1322
7206
5401
3798
949
1412
1104
2820
6442
341
4657
8790
2129
1189
3243
8932
9709
3431
6587
6180
3968
5555
4772
1110
7027
6517
5524
1298
2792
5151
7517
466
2357
9270
4264
9658
682
1721
8830
7124
2062
3488
2266
543
1029
5510
5827
738
5293
2414
6918
9261
4321
1691
371
1348
4560
2247
8999
7353
7398
6516
7819
6108
2139
8436
5766
2821
157
949
6298
8571
4437
8564
9114
1818
426
4941
2557
5719
3707
5827
1332
8029
3870
8055
5729
8431
303
4728
2136
7701
7597
9955
161
9736
4743
2280
8909
1252
3229
5207
9823
4018
124
5289
5836
6902
6582
4745
8974
290
6925
306
4671
795
8362
400
9226
8665
1481
1362
2718
5430
7670
2880
1518
8765
5160
427
18
4741
1987
6193
8759
8463
7835
947
5365
4417
5693
4339
1059
2618
998
5730
9765
9360
2483
8992
4377
3964
6706
3447
9394
4376
6327
7264
3142
7839
7691
9512
8932
6030
2057
7691
845
6244
8639
6211
662
684
6902
8073
9654
4252
3804
9419
3612
2639
4763
4341
6603
1470
7789
2349
2198
468
9613
5340
8308
3656
1204
7240
9687
9614
1284
532
5858
6275
3095
6520
3311
6350
946
9317
602
4750
5088
567
7389
9852
4908
344
7674
9049
9045
9872
9518
8658
1565
4178
8666
9121
7770
4705
8735
5406
1590
4594
1681
4685
7466
1344
7387
8412
661
7990
9514
5750
4909
3255
1954
9817
3599
9628
8867
8996
5852
4737
4006
3769
8915
2673
2891
3037
7378
1626
8444
8968
2572
125
6
39
1470
7393
8451
8483
1735
4318
4233
6644
7573
2539
2814
7525
2167
8033
6521
4372
2770
528
8141
8037
9553
7384
1074
6931
9011
9518
2252
1583
5996
8610
7974
3818
6003
2778
2301
4091
7096
2887
735
4669
5426
3549
8546
3946
1582
5068
4670
704
1948
9163
8741
1501
6548
6168
4784
5559
2038
3388
3494
4386
1998
7821
8204
4354
599
6858
8445
7695
6097
9180
2364
7875
9082
911
1821
7016
2331
6491
4073
631
5655
9166
8484
8555
5334
9620
466
7373
3009
3960
1759
5007
1781
6316
5713
8732
9526
4158
6427
5623
9691
